-9,43,-16,17,47,24,-11,-35,44,-22
48,3,-46,-12,-50,-13,-47,-50,-27,48,28,-20,-37,31,1,34,-42,-8,21,10
-1,-11,-49,-42,-47,-39,23,-44,-28,-44,-18,31,-6,31,-11,-9,-38,-15,33,-34,-28,39,-48,-33,-39,39,-37,4,50,23
-25,23,9,26,3,48,-14,25,43,18,-36,42,8,-9,19,22,-43,-35,11,-23,-6,-23,12,6,3,-12,-37,43,12,-23,37,32,29,-50,-44,27,-22,37,43,37
39,47,49,15,8,-13,-28,-14,-40,-36,7,33,-31,49,48,-19,-41,-15,-47,5,-30,-38,9,-10,3,22,-31,41,-38,-7,-19,40,-11,-1,-18,-27,-3,42,28,2,-1,-23,-50,-35,13,-3,22,20,9,-27
-25,-35,-15,-41,19,-42,1,-22,11,-12,-9,0,43,-34,-24,-1,47,-6,41,32,-24,-24,49,-18,-31,37,-33,15,40,-21,0,-21,-7,-16,24,42,10,36,24,5,1,44,21,6,24,-17,-2,9,-47,-36,44,-15,-10,4,41,14,10,44,6,17
-15,1,-17,-20,17,21,-38,-39,30,13,-50,-8,1,-2,46,43,-3,-22,-33,-23,-11,-45,-6,24,-5,-31,-41,21,-1,17,25,11,-30,25,10,11,-40,49,-24,-10,-27,40,34,-21,9,12,19,16,-17,36,-12,33,31,-2,-45,2,9,49,40,-27,20,-29,-41,-24,44,50,37,50,-14,-14
25,-31,-43,6,43,-11,39,27,45,25,48,29,24,36,29,49,-29,40,11,-48,-40,-13,39,-4,-4,46,5,-1,-39,-13,-11,-8,10,-18,-23,14,45,-50,44,48,3,-2,8,-3,21,23,2,-1,-12,-21,-39,22,18,-34,19,-46,-13,-30,-37,-32,-4,9,-12,20,-28,30,-23,6,45,-3,-49,-29,14,-4,0,-13,-47,-39,-9,-35
33,-46,-34,1,10,-41,-42,-12,-34,-6,-25,50,-20,-32,22,-48,-11,-18,-28,23,-42,-45,3,-37,23,42,28,-19,21,-41,3,-28,7,39,-2,-43,-9,-20,41,29,24,11,-6,8,30,2,-3,-15,-25,32,-10,-38,-40,-19,12,-22,-36,-16,-25,24,12,-32,-35,26,27,-44,44,-41,-4,16,26,-11,-10,29,-36,-22,-46,22,-10,21,-38,23,-5,13,41,41,-35,31,-19,-46
-2,11,12,-5,10,50,47,16,45,44,-31,-27,-9,24,-41,-22,-46,-43,49,29,49,-41,47,15,10,2,-43,-41,33,46,44,31,-32,18,45,-47,-24,-32,-5,46,-2,-14,14,48,-38,0,-27,-11,-35,5,31,46,3,49,5,6,32,-28,-8,-22,-31,2,-48,-42,-9,33,-50,-25,-5,2,-6,23,13,-48,36,-13,-50,-20,17,49,-26,12,43,-7,-13,42,-13,-4,-46,-35,38,-22,26,32,-38,-3,-1,10,19,35
-12,-14,-21,-47,-12,-10,34,29,41,-10,-48,24,0,-29,-32,-27,-34,-24,-49,-48,-15,-41,25,22,46,34,44,44,22,-4,-9,-18,14,-37,-39,33,42,37,-10,-3,-2,48,11,-7,-15,34,17,32,14,30,48,21,6,-22,41,4,22,45,-42,-42,0,-31,-46,-7,34,8,-42,3,-30,-1,-32,16,28,38,16,8,28,35,-2,22,36,-10,48,-46,-44,-28,-9,-40,36,-18,-47,38,-7,-39,34,-22,43,-27,6,-9,-35,48,-16,-47,21,-11,14,20,42,30
-45,49,46,43,-1,19,-38,39,28,7,9,6,-48,48,46,-35,2,15,12,-31,-19,-18,-38,-34,-40,-31,4,-45,-26,-9,-17,-9,29,-3,-48,-26,-24,-19,35,11,-27,29,-47,16,-33,7,49,-21,21,-1,-23,-7,49,9,8,50,-12,-12,-7,4,2,44,0,46,-49,-22,29,-11,-33,-21,15,6,22,-38,-17,42,8,18,-32,36,-50,47,-14,48,50,-1,50,28,-13,16,-25,-29,-41,30,20,21,-21,2,-38,18,-34,-28,44,-17,26,-46,-21,40,-5,-46,48,-16,-34,-9,-36,28,40,-7,30,-11
23,-41,47,-49,-6,-39,-43,13,-2,-3,28,7,-44,0,41,-42,9,34,-41,-31,-23,-8,38,45,3,-37,35,49,-34,0,-35,-11,37,-1,-27,0,-46,-13,34,-36,16,14,-35,9,31,23,4,14,-34,-29,-5,-15,11,-16,21,-43,18,-21,-22,-11,-17,-3,-2,2,-46,-8,-27,3,35,15,19,-39,29,-38,28,27,48,-13,-30,-46,46,35,-7,8,20,-12,34,-43,27,-19,-13,-31,-22,-14,-17,32,-46,10,-49,17,-44,27,-10,-15,-20,-39,-17,-19,5,-45,17,36,1,-39,-24,19,24,-26,-46,3,-31,40,34,-44,31,44,-25,-20,-28,-15
28,-2,-40,25,26,25,-3,46,46,-48,6,42,31,48,18,12,33,-15,8,9,38,-28,9,5,6,-7,4,29,28,5,-41,-49,-1,-20,12,23,-7,1,15,6,7,-15,-46,-33,-10,-18,50,-2,29,-38,46,-34,15,-16,-26,-13,22,-8,-50,48,-3,-10,-31,28,-12,14,-37,4,-27,31,-14,-48,10,12,39,9,45,43,23,-39,-27,35,15,24,-34,-21,-49,-40,-33,-15,33,-18,-26,-42,25,38,24,-48,7,50,-1,1,-43,-12,-46,12,2,-27,8,40,-19,38,23,-25,47,12,-50,-21,18,3,-42,23,-37,-35,30,34,14,25,40,47,33,24,-9,-2,-49,-41,17,7,42,-14
6,-38,24,-26,-25,-1,29,1,-6,-16,-18,40,42,-20,-26,28,13,-3,-9,-9,48,-15,40,42,35,24,9,45,-22,17,-24,-30,33,17,5,2,-1,41,18,-7,28,-37,-4,7,43,12,-16,-49,0,-24,-13,7,9,-15,-27,-27,-50,47,4,18,19,7,-28,42,24,48,20,-8,-7,-15,2,32,-36,-31,-20,17,41,-16,47,10,-23,-28,31,-21,-15,-49,8,-4,30,26,0,42,30,36,23,50,-22,5,-49,-24,-18,36,-18,-41,-40,50,21,1,20,-6,-28,-38,33,-13,-25,25,-8,18,-47,-41,18,14,17,8,8,-42,-3,48,21,-38,47,-2,-39,6,-16,-19,-11,13,33,-38,-24,-27,1,-19,-40,24,-15,41,-11,-49
19,-35,-27,25,-12,35,-22,-35,33,39,-46,26,34,41,-10,-36,20,-5,2,47,3,50,0,-16,-14,-9,23,-21,38,33,-48,14,43,33,27,35,-5,-4,9,-45,29,13,22,-18,-14,-36,-24,-9,-33,22,-10,28,4,49,-21,-43,-26,-40,-12,46,49,35,-24,38,-27,-49,6,46,-11,-38,-50,48,29,31,-8,3,-25,-43,6,-41,-15,43,44,-7,3,50,28,39,-1,40,-31,-33,-5,-31,23,27,-47,13,-36,-9,-37,10,27,-46,4,21,-36,17,0,-27,9,9,18,-27,-12,-14,45,-23,30,24,22,26,32,16,-11,-19,-48,39,-33,38,-39,-10,-13,47,-26,43,-29,24,9,41,-48,-3,-23,16,-32,-47,-38,46,-7,-16,-23,15,-7,47,-12,-38,30,-20,-4,25
7,-40,-43,21,36,-35,50,-31,-16,-39,20,26,27,33,20,32,-3,35,-12,18,-6,-9,-40,22,-36,-38,15,-6,21,1,-2,7,17,38,49,21,27,-11,-2,29,11,20,-31,4,46,-47,-1,27,-48,-12,1,44,11,-12,39,3,-34,21,33,-17,6,36,-30,-21,6,31,-10,-34,30,-30,-7,-25,22,6,-23,47,24,-45,50,23,20,-11,15,31,-40,-46,6,-28,26,40,-11,26,-46,50,8,-2,-21,-47,41,-4,35,37,-4,-10,33,28,48,0,-37,42,12,-27,10,-23,33,13,13,-48,2,-1,-11,-8,19,-5,-22,-33,-36,30,-21,22,-42,-11,19,2,-27,-29,37,24,-47,-43,-18,-19,14,-46,30,14,-49,-31,24,32,-37,18,4,20,48,49,5,-32,48,7,-11,8,29,-21,-49,-17,-25,2,0,18
15,-21,18,-9,-34,31,-21,43,-20,-34,29,30,-13,38,-24,-33,24,-29,15,0,38,24,-36,30,0,6,-5,32,39,21,11,-43,-7,-38,-45,-45,-38,-22,-21,-13,-20,-37,33,12,-19,41,-9,4,0,25,-2,9,27,42,-37,-19,40,-31,13,24,6,36,17,-29,32,-47,-44,-4,36,0,-14,31,31,-41,-8,13,-22,27,-48,-29,30,-11,-3,24,12,50,-49,-27,20,-37,28,-34,26,11,-21,-26,30,33,36,-31,-50,49,-42,-36,20,24,-40,45,6,12,-30,41,-3,30,19,30,-45,28,33,39,-11,37,46,-39,-18,-7,3,-17,41,44,-48,38,14,-30,-25,-33,21,-27,-14,34,1,21,-48,47,-44,9,-26,-34,27,-14,44,-17,3,-42,-17,-48,-27,-24,12,9,-1,50,19,0,12,-6,-18,-1,-27,1,-39,-33,-13,28,50,38,-41,1,39,-40
-50,7,5,27,-2,12,-25,-6,-38,42,14,-44,-4,-13,15,6,15,-36,-7,11,7,25,31,-39,8,19,40,-42,-4,-24,45,11,7,42,-35,-24,-19,-5,-2,5,-11,39,38,46,30,-20,37,-48,8,-41,-6,20,30,-28,-18,40,-30,13,16,-37,11,44,-1,43,48,-18,-41,-30,-33,-12,-22,-18,-45,-15,27,28,-22,31,21,21,30,-29,26,19,16,-45,43,28,38,30,32,36,-4,-23,10,48,50,14,-17,-35,-42,-32,-43,-27,-14,43,1,-7,37,25,45,-34,26,-44,-16,-4,45,-42,23,-33,-41,-22,-2,30,29,-28,39,-14,-23,35,32,14,27,-9,26,-32,-44,-12,31,38,31,47,36,39,-4,21,-33,-43,41,37,-37,-34,4,47,-7,25,7,15,-25,42,-24,-42,34,8,41,42,4,44,26,-25,39,-18,40,-34,2,-30,31,-35,-44,-41,-16,-43,-5,8,-34,2,-50,17,27,29
-31,39,9,1,-23,21,-11,-7,43,-31,-49,-29,-23,36,-14,1,19,-23,-19,25,20,-11,11,42,-2,16,-23,-38,47,26,-39,34,-28,-13,-13,-16,16,-24,48,-7,-9,49,25,-48,-43,-13,-34,20,37,-23,38,-13,-41,-21,-39,10,18,-46,-31,17,15,26,42,25,-42,-28,19,-27,-1,12,24,-2,-49,12,7,-35,-27,-7,-21,43,-48,-40,-24,9,-36,-46,-11,-4,47,-35,-21,22,1,21,38,9,-41,26,-26,-29,-34,-41,20,1,-38,-23,20,-10,-27,-15,3,-14,34,48,-41,11,-27,-1,-7,-29,-10,49,49,-4,41,-45,21,-7,-43,-30,9,28,1,-48,21,16,15,21,29,-2,-20,30,-39,-45,2,-41,-6,-14,-40,-31,-6,-26,-47,-4,33,8,0,21,36,32,40,-35,42,31,-16,-29,-13,-29,-43,5,20,1,-12,-5,-12,-17,-8,1,6,-50,32,49,-1,-47,-14,-28,-34,-45,-33,21,8,4,-21,16,0,36,12,10,26,28
-50,-34,46,-26,41,-7,-34,21,22,-45,34,-20,-9,-16,50,5,34,46,20,0,11,-24,50,-21,-24,-50,-38,-6,43,-38,-30,-46,-15,-17,21,-26,-33,-20,-23,-28,-8,21,-21,-8,-24,-7,12,16,-14,44,-5,-19,3,-15,-32,44,-34,-7,16,23,49,33,-12,-18,-22,-18,-49,12,15,38,39,-40,31,-6,-6,-3,-12,44,-14,-36,-22,48,13,-37,21,28,-32,-10,17,43,18,45,42,-42,45,-26,32,-23,-33,7,-36,19,4,-13,-23,24,-21,-37,-12,-31,31,-24,29,17,-44,-30,-32,39,13,47,38,-47,-43,-41,-31,35,16,-41,-38,-16,33,-26,27,-23,18,22,-22,41,45,-18,35,-22,-4,27,-15,20,41,-1,-49,-37,43,-22,-12,-37,-32,48,-19,-5,46,47,-5,31,-7,38,-24,-31,15,37,-21,-5,48,7,-10,49,18,-47,-1,35,28,2,-10,-32,38,-45,30,-35,39,46,-4,33,45,1,-15,-28,23,16,14,39,45,-43,16,-48,-43,-46,47,-32,-30,-50,6,-24
12,31,-41,-16,6,23,22,-14,-29,-50,-18,-22,-46,-4,-42,33,20,44,26,25,-12,30,-35,2,5,14,50,34,-3,38,-26,16,30,15,-3,30,3,-25,-33,10,-7,40,-45,33,15,-19,-26,-47,45,-14,13,29,-13,50,13,-10,46,14,37,-27,40,21,-40,26,-32,29,45,32,6,35,38,12,-1,-14,50,-37,0,-22,46,45,-23,44,9,3,-38,25,-40,-46,-17,-19,6,-50,41,22,11,21,22,-28,42,-8,7,-37,-3,-48,19,11,28,-39,-34,-6,22,22,13,-12,-47,39,27,47,19,-25,35,-24,-9,7,36,-48,-17,13,-33,-24,24,46,17,-13,-2,-42,26,26,40,24,-23,-30,0,3,49,21,-3,-49,-28,-18,-36,5,-48,5,27,-36,6,-48,-37,-2,26,-33,-3,16,45,-13,-26,43,-2,35,-14,-10,-48,14,49,-1,29,27,-12,19,27,30,-25,-36,-24,-14,44,36,43,-42,6,14,20,-24,22,-29,-50,27,26,37,-7,4,-47,-43,26,-44,13,-36,49,-48,25,23,-12,-29,19,-17,-4,43,22,-20
37,-34,-44,-41,-28,-8,13,10,6,-28,-44,-3,0,20,3,-28,-37,-13,25,37,-46,29,49,17,-21,1,5,18,3,4,40,40,-33,3,47,-50,-11,-14,-11,-30,-18,3,-30,-32,-16,0,12,25,17,13,-21,28,22,-44,21,40,46,-4,45,31,42,-15,18,46,-33,-20,-35,6,15,23,19,2,18,-2,-31,-23,40,0,-7,-2,4,9,29,-4,-47,2,1,-22,-45,-48,-27,44,38,-35,24,-50,-3,-41,-16,-27,-49,4,43,-9,36,0,-17,-13,13,-23,48,37,11,30,32,0,-17,23,-29,29,35,-35,-43,10,23,-48,-19,-8,36,-8,-20,44,16,0,-34,-22,-5,-44,22,-28,27,12,23,37,-21,-29,-47,-30,-25,-33,50,-11,37,2,34,-9,20,25,-11,48,-33,-3,-6,46,-8,31,-44,-28,-26,33,-12,36,22,7,-2,30,28,9,20,-14,21,-24,-47,-50,-5,45,-27,14,6,8,21,13,-20,6,25,-29,-44,-31,32,-9,-45,-36,11,-28,10,-4,-42,23,-49,9,12,-34,24,-14,34,-1,-28,4,2,-3,21,1,-20,-4,-28,-3,45,8,22,-3
45,43,-18,-36,32,-38,18,10,-13,-20,20,-4,-8,-50,-3,-33,-7,41,-32,45,-1,20,7,10,-39,-28,39,31,4,-34,-33,-16,-43,-36,8,48,-27,-25,38,2,27,6,42,-49,-41,-10,-21,9,16,49,-21,44,-2,35,-13,43,19,2,-44,-39,-15,23,4,34,4,-37,-13,10,-33,18,15,-41,-30,7,27,-39,-20,30,-50,-29,12,28,0,-15,46,38,-1,37,14,12,-8,-30,44,-20,-1,28,1,-19,-19,34,-17,-21,25,2,38,-8,-41,-13,-50,27,33,15,28,15,39,-1,-24,12,-34,5,20,-32,-35,24,-29,-1,-6,25,9,-4,-40,18,18,9,8,17,-31,-22,47,-35,-46,-12,30,-35,-4,-23,-20,12,-22,-10,34,47,9,-1,-14,2,23,-44,-43,17,0,15,35,22,-31,-21,17,26,33,11,32,20,33,-7,-4,0,-14,50,-33,15,17,-32,-49,-48,41,-8,-14,14,12,-20,-4,-20,28,-8,-31,-12,-37,-13,23,-23,31,44,-20,6,16,46,50,-23,-40,-30,24,36,33,-18,39,-13,50,-4,26,-13,-3,-27,34,6,12,48,-44,42,17,30,2,44,47,-30,32,-31,47,7,2,-24
7,18,22,9,9,26,-23,-43,-46,-25,-21,39,41,-21,45,33,30,35,-24,23,-26,-41,-30,8,4,-11,27,19,18,43,10,-47,-43,-13,-23,41,17,-11,40,31,27,12,18,-33,-43,36,-19,-47,-29,18,-12,-22,14,33,-31,-24,7,-12,-16,-34,33,47,-35,22,-5,-50,3,-50,42,45,-43,-43,22,22,12,39,5,4,41,-7,41,-35,-25,8,48,-23,11,-22,12,28,-16,47,43,34,-50,-10,-14,13,41,-5,25,-48,-35,-46,29,5,18,7,-22,-45,37,-18,-24,-22,-33,26,-5,-43,45,-29,-25,31,-19,31,15,26,-30,-21,39,-17,-45,-5,46,-15,39,-49,-27,-15,-32,4,46,1,39,-9,-50,12,-48,9,22,-49,-3,4,-37,-44,34,50,5,26,-11,-38,46,27,-5,43,-11,26,36,37,-10,45,1,49,15,43,-5,21,-34,-36,-49,40,47,26,-49,-29,-43,-17,46,12,4,-23,42,30,-48,-28,17,45,-9,42,15,-22,-9,-31,43,46,-22,-29,28,-49,7,38,-44,-41,-11,41,-41,50,-5,-46,30,-31,45,19,-47,40,-8,25,-39,13,33,-46,-29,-43,-9,-24,-34,-41,30,-12,-15,-19,-33,-34,49,-15,-41,-12,39,27,7,-27
49,50,45,-47,16,-31,4,-9,-8,-21,-17,-1,-47,28,-7,34,-27,-28,-38,-24,41,22,-16,-23,-17,32,6,38,18,23,-36,-34,46,-14,-5,-1,-8,-44,19,-10,-6,14,31,31,-16,48,42,14,-42,-24,-9,-12,1,-15,-14,50,9,1,-26,13,20,18,-27,20,33,6,49,19,-37,17,-23,-46,16,-16,20,9,31,-39,41,36,22,28,-25,-46,-29,-19,2,4,-50,27,-25,-17,-30,45,-19,-37,-9,-50,-21,33,18,-38,11,-36,15,31,-44,-30,2,16,-27,39,-13,27,-9,-19,-42,19,-16,-6,-7,8,27,47,-35,-23,-46,8,25,32,32,-16,6,50,-42,-36,-18,-9,-47,-35,36,6,-22,-15,47,24,4,-18,-34,-42,-9,18,38,11,-28,-49,48,31,-34,-1,-27,-20,-42,31,-17,50,-16,49,-6,32,16,7,-16,2,-11,-43,47,-29,41,15,21,12,1,-4,-31,-36,-8,9,-39,-39,10,25,29,16,3,-5,12,-13,-30,-46,28,-12,18,47,-21,26,20,19,-18,26,-26,7,-44,7,-24,-15,23,32,-29,-12,18,-44,1,-22,25,26,-44,1,-22,20,-22,2,-25,-9,-2,-50,32,-11,47,-2,-23,31,-34,20,43,-40,-48,-19,0,42,20,-1,32,4,31,-18,-45,6,-36,29
-1,-39,30,49,3,-45,5,3,1,37,-12,3,34,-3,-4,1,-34,12,17,27,-45,-35,-20,-35,-40,-34,12,5,-29,33,-38,-39,-19,-26,43,2,29,29,-22,-38,-26,15,44,23,33,-4,-16,0,-2,-27,-34,-25,14,-19,-18,-30,-28,50,-19,-46,-50,-37,-23,-49,-14,48,41,13,13,19,-16,-24,27,-49,-40,0,-40,36,23,1,50,-16,-30,-8,46,35,-4,-8,-39,-14,15,46,-41,48,-46,39,3,-34,-49,25,-45,-2,-18,20,-20,23,-14,45,40,-34,-43,39,43,9,24,-41,18,50,-44,37,-35,1,-43,-19,18,2,-44,6,-22,-22,13,-25,0,9,25,24,-36,-21,-17,33,-37,6,7,30,-21,-10,15,-41,-2,-46,-32,-27,22,49,21,-26,15,-2,21,48,-30,-44,-50,-38,-46,-45,-44,-41,-41,14,-8,-37,23,-13,27,-38,-38,-39,38,-16,31,-4,39,-42,24,38,7,25,32,-19,30,25,-35,-29,-4,38,-44,-29,13,39,14,48,29,11,31,-3,-23,-50,43,-28,25,-21,-20,-15,4,14,15,-47,-31,-32,-46,-38,-38,-10,-38,47,34,-3,-44,35,-28,45,-25,31,-2,46,-21,20,50,22,-16,-21,-45,-1,-50,23,-48,-13,-10,-12,2,-48,11,35,-39,-26,-23,-20,43,-37,-47,-29,33,-4,37,10,-4,26,7,-17
20,45,34,16,42,-30,-13,-5,-7,-41,28,18,-39,-49,21,-49,31,28,-17,27,-43,-4,48,-49,32,-35,15,24,21,-35,-23,50,46,-23,44,-24,15,-37,-2,2,-50,41,6,37,49,15,-9,-3,45,25,-48,-4,29,11,-2,-38,20,20,34,25,-31,33,-5,48,29,46,-45,-19,-18,-5,-38,41,-39,16,-1,42,-49,26,46,34,18,-22,37,40,-30,-42,-37,-20,8,-4,-49,-2,-28,-14,-2,-40,-33,-47,27,14,-43,-12,16,35,15,29,-16,-16,-20,21,-11,4,-35,-47,31,3,1,48,9,-38,6,12,-2,36,38,-48,-28,18,45,-29,-45,47,0,21,9,16,12,-41,-25,-45,-47,-38,-39,31,-17,-48,24,-42,28,35,22,-40,-44,-40,42,-30,30,-22,-17,-9,36,41,-45,44,-39,-5,-43,6,39,-1,-25,37,-40,1,46,-2,-11,-1,-8,-49,-47,25,10,23,-11,-39,-1,29,-32,39,40,-40,30,3,-13,19,-36,-47,-4,6,22,-36,-41,-49,39,-24,3,-49,23,-9,12,-35,0,10,29,-20,43,-21,12,33,-4,16,29,22,-29,-1,-33,44,22,25,-18,-42,-36,42,-37,41,11,23,-8,-19,-17,11,16,-21,47,12,24,-34,-8,43,-28,9,45,-30,-2,-17,1,48,50,-38,-20,9,21,7,-6,-13,-47,-32,-10,20,42,-18,44,33,-16,32,3,-3,-31,-4
-24,13,-2,18,20,8,27,-5,-21,4,6,-34,9,-9,28,15,1,-16,-46,38,48,-1,40,49,2,1,1,0,28,-13,28,21,-19,19,-15,50,42,9,-32,10,-49,-14,-44,48,-11,-28,-31,44,40,-14,28,41,-27,10,40,-42,30,21,-38,-32,21,45,-27,-20,-36,-39,-38,34,5,-39,-3,48,11,-42,15,-1,34,31,-25,23,-15,-6,42,33,-29,-25,22,-24,-37,-15,-27,36,-34,-49,9,14,13,22,19,42,-22,10,-23,23,23,-5,-28,10,-47,-41,44,29,-23,20,-3,-47,3,-36,9,-21,-32,14,39,31,25,43,29,7,17,-28,-32,-42,-13,38,39,10,22,-34,49,17,16,-4,13,23,50,-45,-1,47,42,24,-21,28,-8,-26,-34,-19,-21,4,16,36,44,-13,-47,-4,35,44,33,-16,50,-26,-36,-46,21,-21,9,-9,-32,-11,-15,-27,5,43,-12,-43,-16,12,-45,-13,0,48,13,-28,-19,-22,-30,20,-13,-41,27,45,12,19,-29,3,-22,-26,-43,-8,-35,34,48,30,10,32,-35,33,-12,-2,22,12,46,-5,3,5,48,47,-9,-49,41,47,34,-37,24,-43,-42,-19,-37,7,-17,-41,22,30,-20,-33,7,27,38,-25,-3,-16,-25,36,26,4,-32,34,-15,-21,-2,-47,-49,0,-47,14,33,37,-4,4,-33,41,31,-16,-27,49,40,-48,17,-31,-40,-7,-36,-24,31,10,-35,-27,-37,36,-5,-10
-37,-37,-30,21,-8,34,-28,1,27,-15,12,-13,38,3,8,35,4,45,-45,-21,8,11,-33,42,28,47,-22,40,25,-41,-35,46,42,48,39,41,4,4,-16,49,-3,5,-23,-27,25,-49,-45,23,-20,24,8,32,-14,-5,-7,-13,-7,-7,5,4,-1,26,8,-50,38,32,21,-8,0,6,3,44,40,12,37,-8,21,-41,6,-7,-34,10,-5,-19,-42,6,50,-28,-41,-3,19,-5,-9,23,-45,-25,-39,-33,-40,-29,9,-26,50,14,-46,-37,25,26,21,12,-9,-25,48,21,-39,23,3,20,30,-16,-25,9,46,2,50,28,-36,-11,16,29,-43,28,-36,6,-9,-7,-16,-44,-23,-12,34,-50,12,49,-48,9,-14,-29,-29,-1,-30,49,43,-33,-26,4,27,-40,31,-21,26,-40,6,31,19,-28,26,43,-40,-22,-9,2,-46,-36,-39,30,-8,15,10,36,-39,9,-34,-21,32,24,12,42,-35,39,-15,9,-40,31,45,47,-1,-11,11,-14,-33,-30,39,17,3,-38,-5,-30,19,35,-32,14,-49,47,49,-16,-21,45,-3,-38,20,-16,-36,-8,-50,-5,12,0,35,1,-16,-10,-8,-17,-34,44,27,-7,-49,47,26,-3,2,48,21,-25,41,5,26,-12,-2,33,-31,-40,17,-21,-32,15,37,-15,1,-13,41,-23,12,14,-17,17,-39,41,38,-8,50,10,-15,-47,-41,16,27,-29,14,-36,6,7,-29,-35,-19,-41,-27,-14,-26,45,-32,34,-32,-48,-22,-50,37,-21
